# frame_id image_name x y z qx qy qz qw
0 0000.png -0.100000 -2.800000 0.500000 0.753261 -0.024170 -0.021079 0.656940
1 0001.png -0.099218 -2.786747 0.501844 0.754462 -0.020240 -0.017593 0.655795
2 0002.png -0.098594 -2.773830 0.503685 0.755687 -0.016158 -0.013996 0.654584
3 0003.png -0.098126 -2.761248 0.505522 0.756935 -0.011915 -0.010283 0.653301
4 0004.png -0.097811 -2.748998 0.507356 0.758204 -0.007499 -0.006448 0.651942
5 0005.png -0.097647 -2.737077 0.509187 0.759495 -0.002902 -0.002486 0.650502
6 0006.png -0.097631 -2.725481 0.511014 0.760805 0.001888 0.001610 0.648975
7 0007.png -0.097760 -2.714209 0.512837 0.762135 0.006883 0.005846 0.647355
8 0008.png -0.098031 -2.703257 0.514658 0.763481 0.012096 0.010229 0.645636
9 0009.png -0.098443 -2.692623 0.516475 0.764841 0.017540 0.014765 0.643811
10 0010.png -0.098992 -2.682303 0.518289 0.766213 0.023232 0.019462 0.641872
11 0011.png -0.099676 -2.672295 0.520100 0.767592 0.029186 0.024327 0.639811
12 0012.png -0.100492 -2.662597 0.521907 0.768975 0.035420 0.029369 0.637620
13 0013.png -0.101437 -2.653204 0.523712 0.770357 0.041952 0.034596 0.635290
14 0014.png -0.102510 -2.644116 0.525513 0.771731 0.048802 0.040017 0.632810
15 0015.png -0.103706 -2.635327 0.527312 0.773089 0.055990 0.045640 0.630171
16 0016.png -0.105024 -2.626837 0.529107 0.774424 0.063541 0.051474 0.627361
17 0017.png -0.106462 -2.618642 0.530900 0.775723 0.071476 0.057530 0.624367
18 0018.png -0.108015 -2.610739 0.532689 0.776976 0.079822 0.063816 0.621179
19 0019.png -0.109683 -2.603125 0.534476 0.778168 0.088606 0.070343 0.617783
20 0020.png -0.111462 -2.595798 0.536259 0.779282 0.097854 0.077120 0.614164
21 0021.png -0.113349 -2.588755 0.538040 0.780297 0.107597 0.084157 0.610309
22 0022.png -0.115342 -2.581992 0.539818 0.781192 0.117865 0.091463 0.606203
23 0023.png -0.117438 -2.575508 0.541594 0.781939 0.128688 0.099047 0.601831
24 0024.png -0.119635 -2.569299 0.543366 0.782508 0.140098 0.106917 0.597178
25 0025.png -0.121929 -2.563363 0.545136 0.782865 0.152125 0.115081 0.592230
26 0026.png -0.124320 -2.557697 0.546904 0.782969 0.164799 0.123546 0.586973
27 0027.png -0.126803 -2.552297 0.548668 0.782776 0.178148 0.132316 0.581392
28 0028.png -0.129376 -2.547161 0.550431 0.782236 0.192196 0.141396 0.575478
29 0029.png -0.132036 -2.542287 0.552190 0.781293 0.206963 0.150785 0.569219
30 0030.png -0.134781 -2.537671 0.553947 0.779888 0.222464 0.160485 0.562610
31 0031.png -0.137609 -2.533311 0.555702 0.777954 0.238702 0.170490 0.555646
32 0032.png -0.140516 -2.529204 0.557454 0.775423 0.255674 0.180795 0.548327
33 0033.png -0.143500 -2.525346 0.559204 0.772225 0.273364 0.191390 0.540658
34 0034.png -0.146559 -2.521736 0.560952 0.768286 0.291739 0.202261 0.532649
35 0035.png -0.149689 -2.518371 0.562697 0.763537 0.310752 0.213391 0.524317
36 0036.png -0.152888 -2.515246 0.564440 0.757914 0.330336 0.224760 0.515682
37 0037.png -0.156154 -2.512361 0.566180 0.751359 0.350408 0.236341 0.506771
38 0038.png -0.159484 -2.509712 0.567919 0.743827 0.370864 0.248107 0.497619
39 0039.png -0.162874 -2.507295 0.569655 0.735290 0.391583 0.260026 0.488260
40 0040.png -0.166324 -2.505110 0.571389 0.725738 0.412428 0.272061 0.478739
41 0041.png -0.169829 -2.503151 0.573122 0.715183 0.433252 0.284175 0.469096
42 0042.png -0.173388 -2.501417 0.574852 0.703658 0.453902 0.296327 0.459379
43 0043.png -0.176997 -2.499906 0.576580 0.691224 0.474222 0.308474 0.449630
44 0044.png -0.180655 -2.498613 0.578306 0.677959 0.494065 0.320573 0.439892
45 0045.png -0.184357 -2.497536 0.580030 0.663962 0.513292 0.332580 0.430204
46 0046.png -0.188103 -2.496673 0.581752 0.649347 0.531784 0.344453 0.420602
47 0047.png -0.191889 -2.496021 0.583472 0.634238 0.549439 0.356150 0.411117
48 0048.png -0.195712 -2.495576 0.585191 0.618761 0.566179 0.367632 0.401774
49 0049.png -0.199571 -2.495337 0.586907 0.603045 0.581953 0.378863 0.392595
50 0050.png -0.203461 -2.495300 0.588622 0.587210 0.596728 0.389813 0.383595
51 0051.png -0.207382 -2.495462 0.590336 0.571370 0.610497 0.400453 0.374788
52 0052.png -0.211329 -2.495820 0.592047 0.555626 0.623270 0.410763 0.366182
53 0053.png -0.215301 -2.496372 0.593757 0.540063 0.635071 0.420723 0.357782
54 0054.png -0.219294 -2.497116 0.595465 0.524757 0.645940 0.430322 0.349591
55 0055.png -0.223307 -2.498047 0.597172 0.509765 0.655924 0.439553 0.341608
56 0056.png -0.227336 -2.499164 0.598877 0.495134 0.665076 0.448411 0.333832
57 0057.png -0.231380 -2.500463 0.600581 0.480898 0.673452 0.456896 0.326260
58 0058.png -0.235434 -2.501942 0.602283 0.467077 0.681112 0.465013 0.318886
59 0059.png -0.239497 -2.503598 0.603983 0.453687 0.688112 0.472768 0.311706
60 0060.png -0.243566 -2.505428 0.605683 0.440732 0.694509 0.480169 0.304713
61 0061.png -0.247639 -2.507429 0.607381 0.428212 0.700358 0.487227 0.297899
62 0062.png -0.251712 -2.509599 0.609077 0.416119 0.705709 0.493953 0.291258
63 0063.png -0.255784 -2.511934 0.610773 0.404445 0.710609 0.500360 0.284781
64 0064.png -0.259851 -2.514432 0.612467 0.393174 0.715102 0.506461 0.278460
65 0065.png -0.263911 -2.517090 0.614159 0.382293 0.719229 0.512270 0.272288
66 0066.png -0.267961 -2.519905 0.615851 0.371784 0.723026 0.517801 0.266256
67 0067.png -0.271998 -2.522874 0.617542 0.361628 0.726527 0.523067 0.260355
68 0068.png -0.276021 -2.525996 0.619231 0.351806 0.729762 0.528081 0.254579
69 0069.png -0.280026 -2.529265 0.620919 0.342301 0.732757 0.532857 0.248919
70 0070.png -0.284011 -2.532681 0.622607 0.333092 0.735539 0.537406 0.243367
71 0071.png -0.287973 -2.536240 0.624293 0.324161 0.738127 0.541742 0.237915
72 0072.png -0.291910 -2.539939 0.625978 0.315490 0.740543 0.545875 0.232557
73 0073.png -0.295818 -2.543776 0.627663 0.307062 0.742803 0.549817 0.227285
74 0074.png -0.299696 -2.547747 0.629346 0.298859 0.744924 0.553577 0.222091
75 0075.png -0.303540 -2.551851 0.631029 0.290864 0.746920 0.557166 0.216970
76 0076.png -0.307348 -2.556083 0.632711 0.283062 0.748802 0.560592 0.211914
77 0077.png -0.311118 -2.560441 0.634392 0.275437 0.750584 0.563865 0.206918
78 0078.png -0.314846 -2.564923 0.636073 0.267976 0.752274 0.566992 0.201974
79 0079.png -0.318530 -2.569526 0.637752 0.260664 0.753881 0.569981 0.197078
80 0080.png -0.322168 -2.574246 0.639431 0.253487 0.755414 0.572839 0.192222
81 0081.png -0.325757 -2.579082 0.641110 0.246435 0.756879 0.575573 0.187403
82 0082.png -0.329294 -2.584029 0.642787 0.239493 0.758283 0.578189 0.182613
83 0083.png -0.332777 -2.589086 0.644465 0.232651 0.759631 0.580692 0.177848
84 0084.png -0.336202 -2.594249 0.646141 0.225898 0.760929 0.583089 0.173102
85 0085.png -0.339568 -2.599516 0.647818 0.219223 0.762180 0.585383 0.168371
86 0086.png -0.342871 -2.604885 0.649493 0.212615 0.763389 0.587580 0.163650
87 0087.png -0.346110 -2.610351 0.651169 0.206067 0.764558 0.589684 0.158934
88 0088.png -0.349281 -2.615912 0.652844 0.199567 0.765691 0.591699 0.154218
89 0089.png -0.352382 -2.621566 0.654518 0.193107 0.766790 0.593628 0.149498
90 0090.png -0.355410 -2.627310 0.656193 0.186678 0.767856 0.595474 0.144769
91 0091.png -0.358363 -2.633140 0.657867 0.180273 0.768893 0.597242 0.140028
92 0092.png -0.361237 -2.639055 0.659541 0.173882 0.769901 0.598932 0.135269
93 0093.png -0.364031 -2.645050 0.661214 0.167499 0.770881 0.600549 0.130489
94 0094.png -0.366742 -2.651124 0.662888 0.161115 0.771834 0.602095 0.125683
95 0095.png -0.369367 -2.657274 0.664561 0.154724 0.772760 0.603571 0.120849
96 0096.png -0.371903 -2.663496 0.666234 0.148318 0.773660 0.604979 0.115980
97 0097.png -0.374348 -2.669789 0.667908 0.141891 0.774534 0.606322 0.111075
98 0098.png -0.376699 -2.676149 0.669581 0.135435 0.775382 0.607600 0.106128
99 0099.png -0.378954 -2.682572 0.671254 0.128944 0.776202 0.608815 0.101137
100 0100.png -0.381109 -2.689058 0.672927 0.122412 0.776994 0.609968 0.096098
101 0101.png -0.383163 -2.695602 0.674601 0.115832 0.777757 0.611060 0.091006
102 0102.png -0.385113 -2.702202 0.676274 0.109200 0.778490 0.612092 0.085859
103 0103.png -0.386955 -2.708855 0.677948 0.102508 0.779192 0.613064 0.080652
104 0104.png -0.388688 -2.715559 0.679622 0.095751 0.779860 0.613977 0.075384
105 0105.png -0.390309 -2.722310 0.681296 0.088924 0.780492 0.614832 0.070049
106 0106.png -0.391815 -2.729105 0.682971 0.082021 0.781086 0.615628 0.064646
107 0107.png -0.393203 -2.735943 0.684646 0.075037 0.781641 0.616365 0.059171
108 0108.png -0.394472 -2.742819 0.686321 0.067967 0.782152 0.617044 0.053620
109 0109.png -0.395617 -2.749732 0.687996 0.060808 0.782617 0.617664 0.047991
110 0110.png -0.396638 -2.756678 0.689672 0.053553 0.783034 0.618225 0.042282
111 0111.png -0.397530 -2.763655 0.691349 0.046200 0.783397 0.618727 0.036489
112 0112.png -0.398292 -2.770659 0.693026 0.038743 0.783705 0.619168 0.030609
113 0113.png -0.398920 -2.777688 0.694703 0.031181 0.783952 0.619549 0.024642
114 0114.png -0.399413 -2.784740 0.696381 0.023508 0.784134 0.619868 0.018584
115 0115.png -0.399767 -2.791811 0.698060 0.015723 0.784248 0.620124 0.012433
116 0116.png -0.399980 -2.798898 0.699739 0.007824 0.784287 0.620317 0.006188
117 0117.png -0.400049 -2.805999 0.701419 -0.000098 0.784253 0.620442 -0.000077
118 0118.png -0.399977 -2.813110 0.703100 -0.007877 0.784151 0.620489 -0.006233
119 0119.png -0.399764 -2.820226 0.704781 -0.015518 0.783987 0.620462 -0.012281
120 0120.png -0.399414 -2.827344 0.706463 -0.023029 0.783767 0.620360 -0.018228
121 0121.png -0.398928 -2.834459 0.708145 -0.030418 0.783495 0.620186 -0.024078
122 0122.png -0.398309 -2.841567 0.709828 -0.037694 0.783174 0.619941 -0.029838
123 0123.png -0.397558 -2.848664 0.711512 -0.044865 0.782810 0.619625 -0.035512
124 0124.png -0.396678 -2.855746 0.713196 -0.051938 0.782404 0.619239 -0.041107
125 0125.png -0.395672 -2.862809 0.714880 -0.058924 0.781959 0.618784 -0.046628
126 0126.png -0.394542 -2.869848 0.716565 -0.065830 0.781479 0.618259 -0.052081
127 0127.png -0.393289 -2.876860 0.718250 -0.072665 0.780965 0.617665 -0.057471
128 0128.png -0.391916 -2.883840 0.719935 -0.079438 0.780419 0.617002 -0.062804
129 0129.png -0.390425 -2.890784 0.721621 -0.086157 0.779842 0.616269 -0.068085
130 0130.png -0.388818 -2.897688 0.723307 -0.092831 0.779236 0.615466 -0.073321
131 0131.png -0.387099 -2.904548 0.724993 -0.099470 0.778601 0.614591 -0.078517
132 0132.png -0.385268 -2.911359 0.726680 -0.106083 0.777937 0.613644 -0.083679
133 0133.png -0.383328 -2.918118 0.728367 -0.112678 0.777245 0.612623 -0.088812
134 0134.png -0.381281 -2.924820 0.730053 -0.119265 0.776524 0.611527 -0.093923
135 0135.png -0.379130 -2.931462 0.731740 -0.125853 0.775773 0.610354 -0.099017
136 0136.png -0.376877 -2.938038 0.733427 -0.132453 0.774993 0.609102 -0.104101
137 0137.png -0.374524 -2.944546 0.735114 -0.139074 0.774180 0.607769 -0.109180
138 0138.png -0.372072 -2.950980 0.736801 -0.145726 0.773334 0.606352 -0.114260
139 0139.png -0.369526 -2.957336 0.738488 -0.152419 0.772453 0.604848 -0.119348
140 0140.png -0.366886 -2.963612 0.740175 -0.159165 0.771533 0.603254 -0.124450
141 0141.png -0.364154 -2.969801 0.741861 -0.165975 0.770573 0.601565 -0.129572
142 0142.png -0.361334 -2.975901 0.743548 -0.172859 0.769567 0.599780 -0.134722
143 0143.png -0.358428 -2.981906 0.745235 -0.179830 0.768513 0.597892 -0.139905
144 0144.png -0.355436 -2.987813 0.746921 -0.186900 0.767405 0.595898 -0.145130
145 0145.png -0.352363 -2.993618 0.748607 -0.194082 0.766239 0.593792 -0.150403
146 0146.png -0.349209 -2.999317 0.750293 -0.201388 0.765008 0.591569 -0.155731
147 0147.png -0.345978 -3.004905 0.751978 -0.208833 0.763705 0.589223 -0.161122
148 0148.png -0.342671 -3.010378 0.753663 -0.216431 0.762322 0.586747 -0.166584
149 0149.png -0.339291 -3.015732 0.755348 -0.224197 0.760852 0.584135 -0.172125
150 0150.png -0.335839 -3.020964 0.757032 -0.232146 0.759283 0.581379 -0.177753
151 0151.png -0.332319 -3.026067 0.758716 -0.240294 0.757606 0.578471 -0.183477
152 0152.png -0.328732 -3.031040 0.760400 -0.248658 0.755808 0.575402 -0.189306
153 0153.png -0.325081 -3.035877 0.762083 -0.257256 0.753874 0.572164 -0.195248
154 0154.png -0.321367 -3.040574 0.763765 -0.266105 0.751791 0.568746 -0.201314
155 0155.png -0.317593 -3.045128 0.765447 -0.275223 0.749539 0.565138 -0.207513
156 0156.png -0.313762 -3.049533 0.767129 -0.284630 0.747101 0.561330 -0.213855
157 0157.png -0.309875 -3.053787 0.768809 -0.294344 0.744455 0.557310 -0.220350
158 0158.png -0.305935 -3.057884 0.770489 -0.304383 0.741577 0.553065 -0.227008
159 0159.png -0.301943 -3.061820 0.772169 -0.314768 0.738441 0.548584 -0.233840
160 0160.png -0.297903 -3.065592 0.773847 -0.325517 0.735017 0.543853 -0.240856
161 0161.png -0.293816 -3.069196 0.775525 -0.336646 0.731275 0.538860 -0.248067
162 0162.png -0.289685 -3.072626 0.777202 -0.348172 0.727177 0.533590 -0.255483
163 0163.png -0.285511 -3.075880 0.778878 -0.360110 0.722687 0.528030 -0.263113
164 0164.png -0.281297 -3.078952 0.780554 -0.372469 0.717764 0.522167 -0.270968
165 0165.png -0.277046 -3.081839 0.782228 -0.385259 0.712362 0.515988 -0.279056
166 0166.png -0.272759 -3.084536 0.783902 -0.398483 0.706435 0.509481 -0.287386
167 0167.png -0.268439 -3.087040 0.785574 -0.412137 0.699934 0.502635 -0.295963
168 0168.png -0.264087 -3.089345 0.787246 -0.426212 0.692808 0.495441 -0.304793
169 0169.png -0.259707 -3.091449 0.788917 -0.440691 0.685006 0.487891 -0.313879
170 0170.png -0.255300 -3.093347 0.790586 -0.455545 0.676479 0.479981 -0.323223
171 0171.png -0.250869 -3.095035 0.792255 -0.470738 0.667178 0.471709 -0.332821
172 0172.png -0.246415 -3.096508 0.793922 -0.486218 0.657062 0.463075 -0.342671
173 0173.png -0.241942 -3.097763 0.795588 -0.501924 0.646093 0.454087 -0.352762
174 0174.png -0.237450 -3.098794 0.797253 -0.517780 0.634248 0.444753 -0.363082
175 0175.png -0.232943 -3.099600 0.798917 -0.533699 0.621512 0.435087 -0.373614
176 0176.png -0.228423 -3.100174 0.800579 -0.549550 0.607914 0.425131 -0.384315
177 0177.png -0.223892 -3.100516 0.802240 -0.564862 0.593810 0.415160 -0.394921
178 0178.png -0.219351 -3.100628 0.803900 0.579456 -0.579386 -0.405279 0.405328
179 0179.png -0.214803 -3.100516 0.805558 0.593284 -0.564741 -0.395518 0.415509
180 0180.png -0.210250 -3.100181 0.807215 0.606313 -0.549972 -0.385902 0.425435
181 0181.png -0.205693 -3.099627 0.808870 0.618526 -0.535174 -0.376452 0.435084
182 0182.png -0.201135 -3.098858 0.810523 0.629921 -0.520430 -0.367187 0.444438
183 0183.png -0.196577 -3.097877 0.812174 0.640510 -0.505817 -0.358120 0.453483
184 0184.png -0.192022 -3.096687 0.813823 0.650311 -0.491402 -0.349262 0.462207
185 0185.png -0.187471 -3.095293 0.815469 0.659357 -0.477241 -0.340621 0.470603
186 0186.png -0.182926 -3.093696 0.817114 0.667682 -0.463378 -0.332201 0.478669
187 0187.png -0.178389 -3.091902 0.818755 0.675326 -0.449851 -0.324005 0.486404
188 0188.png -0.173863 -3.089913 0.820395 0.682334 -0.436685 -0.316033 0.493812
189 0189.png -0.169349 -3.087733 0.822032 0.688748 -0.423899 -0.308283 0.500896
190 0190.png -0.164848 -3.085364 0.823666 0.694614 -0.411504 -0.300752 0.507665
191 0191.png -0.160364 -3.082812 0.825297 0.699975 -0.399506 -0.293435 0.514126
192 0192.png -0.155897 -3.080078 0.826925 0.704872 -0.387905 -0.286326 0.520291
193 0193.png -0.151451 -3.077167 0.828550 0.709346 -0.376696 -0.279420 0.526168
194 0194.png -0.147026 -3.074081 0.830172 0.713434 -0.365871 -0.272709 0.531771
195 0195.png -0.142624 -3.070825 0.831790 0.717171 -0.355421 -0.266185 0.537110
196 0196.png -0.138249 -3.067402 0.833405 0.720589 -0.345334 -0.259842 0.542198
197 0197.png -0.133901 -3.063815 0.835017 0.723719 -0.335595 -0.253670 0.547046
198 0198.png -0.129583 -3.060067 0.836625 0.726587 -0.326189 -0.247662 0.551667
199 0199.png -0.125296 -3.056163 0.838229 0.729218 -0.317102 -0.241809 0.556071
200 0200.png -0.121042 -3.052105 0.839829 0.731636 -0.308318 -0.236103 0.560271
201 0201.png -0.116824 -3.047897 0.841426 0.733861 -0.299820 -0.230537 0.564277
202 0202.png -0.112643 -3.043542 0.843018 0.735911 -0.291594 -0.225101 0.568100
203 0203.png -0.108501 -3.039044 0.844606 0.737804 -0.283623 -0.219789 0.571749
204 0204.png -0.104401 -3.034406 0.846189 0.739554 -0.275893 -0.214593 0.575233
205 0205.png -0.100344 -3.029632 0.847769 0.741175 -0.268389 -0.209505 0.578563
206 0206.png -0.096331 -3.024725 0.849343 0.742680 -0.261096 -0.204518 0.581746
207 0207.png -0.092366 -3.019689 0.850914 0.744079 -0.254000 -0.199625 0.584790
208 0208.png -0.088450 -3.014526 0.852479 0.745383 -0.247089 -0.194820 0.587704
209 0209.png -0.084584 -3.009241 0.854039 0.746601 -0.240350 -0.190095 0.590493
210 0210.png -0.080771 -3.003837 0.855595 0.747741 -0.233770 -0.185444 0.593166
211 0211.png -0.077013 -2.998317 0.857145 0.748810 -0.227337 -0.180862 0.595727
212 0212.png -0.073312 -2.992684 0.858690 0.749814 -0.221041 -0.176341 0.598184
213 0213.png -0.069669 -2.986943 0.860230 0.750759 -0.214870 -0.171877 0.600541
214 0214.png -0.066087 -2.981097 0.861765 0.751652 -0.208815 -0.167464 0.602804
215 0215.png -0.062567 -2.975148 0.863294 0.752495 -0.202865 -0.163095 0.604977
216 0216.png -0.059112 -2.969101 0.864817 0.753294 -0.197010 -0.158767 0.607065
217 0217.png -0.055723 -2.962958 0.866334 0.754053 -0.191243 -0.154473 0.609072
218 0218.png -0.052403 -2.956724 0.867846 0.754774 -0.185553 -0.150208 0.611002
219 0219.png -0.049153 -2.950402 0.869352 0.755461 -0.179933 -0.145969 0.612859
220 0220.png -0.045975 -2.943995 0.870851 0.756116 -0.174375 -0.141749 0.614646
221 0221.png -0.042871 -2.937506 0.872345 0.756742 -0.168869 -0.137544 0.616366
222 0222.png -0.039843 -2.930940 0.873832 0.757340 -0.163410 -0.133350 0.618022
223 0223.png -0.036893 -2.924299 0.875312 0.757913 -0.157989 -0.129161 0.619616
224 0224.png -0.034023 -2.917587 0.876787 0.758462 -0.152600 -0.124973 0.621152
225 0225.png -0.031235 -2.910807 0.878254 0.758988 -0.147234 -0.120783 0.622632
226 0226.png -0.028531 -2.903963 0.879715 0.759493 -0.141886 -0.116585 0.624057
227 0227.png -0.025912 -2.897058 0.881169 0.759977 -0.136549 -0.112374 0.625429
228 0228.png -0.023382 -2.890096 0.882615 0.760440 -0.131216 -0.108148 0.626751
229 0229.png -0.020941 -2.883080 0.884055 0.760884 -0.125881 -0.103900 0.628023
230 0230.png -0.018591 -2.876014 0.885488 0.761309 -0.120537 -0.099628 0.629248
231 0231.png -0.016335 -2.868900 0.886913 0.761715 -0.115178 -0.095326 0.630426
232 0232.png -0.014175 -2.861743 0.888331 0.762101 -0.109798 -0.090990 0.631559
233 0233.png -0.012112 -2.854546 0.889741 0.762468 -0.104390 -0.086616 0.632647
234 0234.png -0.010148 -2.847312 0.891144 0.762816 -0.098949 -0.082199 0.633692
235 0235.png -0.008286 -2.840044 0.892539 0.763142 -0.093468 -0.077735 0.634693
236 0236.png -0.006526 -2.832747 0.893926 0.763448 -0.087941 -0.073220 0.635652
237 0237.png -0.004872 -2.825423 0.895305 0.763731 -0.082362 -0.068649 0.636568
238 0238.png -0.003325 -2.818076 0.896676 0.763991 -0.076726 -0.064017 0.637443
239 0239.png -0.001888 -2.810710 0.898039 0.764226 -0.071025 -0.059319 0.638276
240 0240.png -0.000561 -2.803328 0.899393 0.764435 -0.065254 -0.054552 0.639066
241 0241.png 0.000653 -2.795933 0.900739 0.764613 -0.059428 -0.049728 0.639815
242 0242.png 0.001754 -2.788527 0.902077 0.764746 -0.053646 -0.044932 0.640521
243 0243.png 0.002743 -2.781113 0.903406 0.764834 -0.047923 -0.040176 0.641185
244 0244.png 0.003621 -2.773693 0.904727 0.764878 -0.042258 -0.035459 0.641808
245 0245.png 0.004389 -2.766268 0.906040 0.764881 -0.036650 -0.030781 0.642391
246 0246.png 0.005048 -2.758839 0.907345 0.764844 -0.031098 -0.026142 0.642933
247 0247.png 0.005600 -2.751409 0.908641 0.764769 -0.025602 -0.021540 0.643435
248 0248.png 0.006045 -2.743980 0.909930 0.764657 -0.020159 -0.016976 0.643899
249 0249.png 0.006384 -2.736552 0.911211 0.764509 -0.014770 -0.012448 0.644323
250 0250.png 0.006619 -2.729129 0.912485 0.764328 -0.009432 -0.007956 0.644709
251 0251.png 0.006751 -2.721711 0.913751 0.764114 -0.004144 -0.003498 0.645058
252 0252.png 0.006780 -2.714300 0.915009 0.763869 0.001095 0.000925 0.645369
253 0253.png 0.006709 -2.706899 0.916259 0.763595 0.006286 0.005315 0.645643
254 0254.png 0.006537 -2.699508 0.917503 0.763291 0.011432 0.009673 0.645881
255 0255.png 0.006267 -2.692130 0.918739 0.762960 0.016533 0.014000 0.646082
256 0256.png 0.005898 -2.684767 0.919968 0.762602 0.021592 0.018298 0.646248
257 0257.png 0.005433 -2.677420 0.921189 0.762219 0.026610 0.022566 0.646378
258 0258.png 0.004873 -2.670090 0.922404 0.761811 0.031589 0.026807 0.646473
259 0259.png 0.004218 -2.662781 0.923612 0.761379 0.036531 0.031021 0.646533
260 0260.png 0.003469 -2.655493 0.924813 0.760925 0.041438 0.035210 0.646558
261 0261.png 0.002628 -2.648228 0.926007 0.760448 0.046312 0.039375 0.646548
262 0262.png 0.001696 -2.640988 0.927194 0.759949 0.051154 0.043518 0.646504
263 0263.png 0.000674 -2.633775 0.928375 0.759429 0.055968 0.047640 0.646425
264 0264.png -0.000437 -2.626590 0.929550 0.758889 0.060754 0.051742 0.646312
265 0265.png -0.001637 -2.619436 0.930718 0.758328 0.065515 0.055825 0.646165
266 0266.png -0.002923 -2.612313 0.931879 0.757748 0.070254 0.059892 0.645984
267 0267.png -0.004294 -2.605224 0.933035 0.757149 0.074971 0.063943 0.645768
268 0268.png -0.005751 -2.598171 0.934184 0.756530 0.079671 0.067980 0.645518
269 0269.png -0.007291 -2.591155 0.935327 0.755892 0.084354 0.072005 0.645234
270 0270.png -0.008913 -2.584179 0.936464 0.755236 0.089024 0.076019 0.644914
271 0271.png -0.010617 -2.577243 0.937595 0.754561 0.093682 0.080025 0.644560
272 0272.png -0.012400 -2.570349 0.938721 0.753867 0.098331 0.084023 0.644170
273 0273.png -0.014263 -2.563500 0.939841 0.753155 0.102974 0.088015 0.643745
274 0274.png -0.016205 -2.556697 0.940955 0.752424 0.107612 0.092003 0.643284
275 0275.png -0.018223 -2.549942 0.942063 0.751673 0.112249 0.095989 0.642786
276 0276.png -0.020316 -2.543236 0.943167 0.750903 0.116887 0.099974 0.642252
277 0277.png -0.022485 -2.536581 0.944264 0.750113 0.121529 0.103961 0.641680
278 0278.png -0.024727 -2.529980 0.945357 0.749303 0.126177 0.107951 0.641070
279 0279.png -0.027042 -2.523434 0.946444 0.748473 0.130835 0.111947 0.640421
280 0280.png -0.029428 -2.516944 0.947526 0.747620 0.135504 0.115949 0.639733
281 0281.png -0.031885 -2.510513 0.948603 0.746746 0.140188 0.119961 0.639004
282 0282.png -0.034411 -2.504141 0.949676 0.745849 0.144890 0.123984 0.638235
283 0283.png -0.037004 -2.497832 0.950743 0.744929 0.149612 0.128020 0.637423
284 0284.png -0.039666 -2.491586 0.951806 0.743984 0.154358 0.132072 0.636568
285 0285.png -0.042392 -2.485406 0.952864 0.743013 0.159131 0.136141 0.635669
286 0286.png -0.045184 -2.479293 0.953917 0.742015 0.163934 0.140230 0.634724
287 0287.png -0.048040 -2.473249 0.954966 0.740989 0.168770 0.144341 0.633733
288 0288.png -0.050958 -2.467275 0.956010 0.739933 0.173643 0.148477 0.632694
289 0289.png -0.053938 -2.461374 0.957050 0.738847 0.178556 0.152639 0.631605
290 0290.png -0.056978 -2.455547 0.958086 0.737727 0.183512 0.156830 0.630465
291 0291.png -0.060078 -2.449796 0.959118 0.736573 0.188516 0.161053 0.629272
292 0292.png -0.063236 -2.444123 0.960146 0.735383 0.193570 0.165311 0.628025
293 0293.png -0.066451 -2.438529 0.961170 0.734154 0.198679 0.169605 0.626721
294 0294.png -0.069722 -2.433017 0.962189 0.732884 0.203846 0.173939 0.625359
295 0295.png -0.073048 -2.427587 0.963205 0.731570 0.209076 0.178315 0.623936
296 0296.png -0.076428 -2.422243 0.964218 0.730211 0.214372 0.182736 0.622451
297 0297.png -0.079861 -2.416984 0.965226 0.728802 0.219738 0.187205 0.620900
298 0298.png -0.083345 -2.411814 0.966232 0.727342 0.225180 0.191725 0.619281
299 0299.png -0.086880 -2.406734 0.967233 0.725827 0.230700 0.196298 0.617592
300 0300.png -0.090465 -2.401746 0.968232 0.724253 0.236303 0.200928 0.615830
301 0301.png -0.094098 -2.396851 0.969227 0.722616 0.241995 0.205618 0.613992
302 0302.png -0.097778 -2.392052 0.970219 0.720913 0.247779 0.210371 0.612074
303 0303.png -0.101504 -2.387350 0.971207 0.719138 0.253660 0.215190 0.610074
304 0304.png -0.105276 -2.382746 0.972193 0.717289 0.259643 0.220078 0.607987
305 0305.png -0.109091 -2.378243 0.973176 0.715358 0.265732 0.225039 0.605811
306 0306.png -0.112949 -2.373843 0.974156 0.713342 0.271932 0.230075 0.603541
307 0307.png -0.116849 -2.369546 0.975133 0.711234 0.278247 0.235190 0.601174
308 0308.png -0.120790 -2.365356 0.976108 0.709029 0.284684 0.240387 0.598705
309 0309.png -0.124771 -2.361272 0.977080 0.706719 0.291245 0.245670 0.596130
310 0310.png -0.128790 -2.357299 0.978049 0.704299 0.297936 0.251042 0.593444
311 0311.png -0.132846 -2.353436 0.979017 0.701760 0.304761 0.256505 0.590643
312 0312.png -0.136938 -2.349686 0.979981 0.699096 0.311725 0.262063 0.587721
313 0313.png -0.141066 -2.346051 0.980944 0.696297 0.318830 0.267719 0.584674
314 0314.png -0.145228 -2.342533 0.981904 0.693356 0.326082 0.273475 0.581497
315 0315.png -0.149423 -2.339132 0.982863 0.690263 0.333484 0.279335 0.578184
316 0316.png -0.153650 -2.335852 0.983819 0.687010 0.341037 0.285301 0.574730
317 0317.png -0.157907 -2.332693 0.984774 0.683585 0.348746 0.291375 0.571129
318 0318.png -0.162195 -2.329657 0.985727 0.679979 0.356612 0.297558 0.567376
319 0319.png -0.166510 -2.326747 0.986678 0.676181 0.364636 0.303853 0.563465
320 0320.png -0.170854 -2.323963 0.987627 0.672180 0.372819 0.310261 0.559390
321 0321.png -0.175224 -2.321309 0.988575 0.667965 0.381160 0.316782 0.555147
322 0322.png -0.179619 -2.318784 0.989521 0.663525 0.389657 0.323418 0.550729
323 0323.png -0.184038 -2.316392 0.990467 0.658847 0.398309 0.330166 0.546132
324 0324.png -0.188481 -2.314134 0.991410 0.653921 0.407111 0.337028 0.541350
325 0325.png -0.192945 -2.312012 0.992353 0.648735 0.416057 0.344000 0.536380
326 0326.png -0.197431 -2.310027 0.993295 0.643278 0.425142 0.351080 0.531216
327 0327.png -0.201936 -2.308181 0.994235 0.637539 0.434356 0.358266 0.525856
328 0328.png -0.206460 -2.306477 0.995175 0.631508 0.443689 0.365553 0.520296
329 0329.png -0.211001 -2.304915 0.996114 0.625177 0.453130 0.372936 0.514534
330 0330.png -0.215560 -2.303498 0.997052 0.618537 0.462665 0.380409 0.508569
331 0331.png -0.220133 -2.302227 0.997989 0.611581 0.472277 0.387965 0.502400
332 0332.png -0.224721 -2.301104 0.998926 0.604306 0.481950 0.395595 0.496028
333 0333.png -0.229322 -2.300130 0.999862 0.596707 0.491663 0.403291 0.489453
334 0334.png -0.233935 -2.299308 1.000798 0.588839 0.501322 0.410989 0.482735
335 0335.png -0.238560 -2.298637 1.001734 0.580808 0.510779 0.418587 0.475975
336 0336.png -0.243195 -2.298115 1.002669 0.572637 0.520013 0.426071 0.469187
337 0337.png -0.247840 -2.297741 1.003604 0.564347 0.529009 0.433431 0.462385
338 0338.png -0.252494 -2.297513 1.004538 0.555961 0.537752 0.440657 0.455579
339 0339.png -0.257157 -2.297430 1.005472 0.547501 0.546230 0.447740 0.448781
340 0340.png -0.261827 -2.297491 1.006406 0.538988 0.554435 0.454672 0.442004
341 0341.png -0.266503 -2.297694 1.007340 0.530443 0.562359 0.461447 0.435258
342 0342.png -0.271186 -2.298037 1.008273 0.521888 0.569998 0.468058 0.428552
343 0343.png -0.275874 -2.298520 1.009205 0.513341 0.577349 0.474502 0.421897
344 0344.png -0.280567 -2.299142 1.010138 0.504822 0.584410 0.480775 0.415300
345 0345.png -0.285263 -2.299900 1.011070 0.496348 0.591185 0.486874 0.408770
346 0346.png -0.289963 -2.300793 1.012001 0.487934 0.597674 0.492798 0.402314
347 0347.png -0.294665 -2.301819 1.012932 0.479594 0.603883 0.498546 0.395938
348 0348.png -0.299368 -2.302979 1.013863 0.471343 0.609816 0.504119 0.389647
349 0349.png -0.304072 -2.304269 1.014794 0.463190 0.615480 0.509517 0.383446
350 0350.png -0.308776 -2.305689 1.015724 0.455147 0.620884 0.514742 0.377339
351 0351.png -0.313479 -2.307237 1.016654 0.447222 0.626034 0.519796 0.371329
352 0352.png -0.318181 -2.308912 1.017584 0.439423 0.630940 0.524683 0.365419
353 0353.png -0.322881 -2.310712 1.018513 0.431754 0.635610 0.529404 0.359611
354 0354.png -0.327578 -2.312637 1.019442 0.424222 0.640054 0.533963 0.353906
355 0355.png -0.332270 -2.314684 1.020371 0.416830 0.644282 0.538365 0.348305
356 0356.png -0.336959 -2.316852 1.021300 0.409580 0.648304 0.542614 0.342808
357 0357.png -0.341642 -2.319140 1.022228 0.402475 0.652127 0.546713 0.337416
358 0358.png -0.346319 -2.321546 1.023156 0.395515 0.655763 0.550667 0.332127
359 0359.png -0.350990 -2.324070 1.024083 0.388700 0.659221 0.554481 0.326942
360 0360.png -0.355652 -2.326709 1.025010 0.382031 0.662509 0.558159 0.321858
361 0361.png -0.360307 -2.329462 1.025937 0.375507 0.665636 0.561705 0.316876
362 0362.png -0.364953 -2.332328 1.026864 0.369125 0.668611 0.565125 0.311992
363 0363.png -0.369588 -2.335306 1.027790 0.362883 0.671443 0.568423 0.307206
364 0364.png -0.374214 -2.338393 1.028717 0.356781 0.674138 0.571604 0.302515
365 0365.png -0.378828 -2.341589 1.029642 0.350814 0.676704 0.574671 0.297918
366 0366.png -0.383430 -2.344893 1.030568 0.344980 0.679149 0.577629 0.293412
367 0367.png -0.388019 -2.348302 1.031493 0.339276 0.681480 0.580482 0.288994
368 0368.png -0.392595 -2.351815 1.032418 0.333699 0.683702 0.583235 0.284663
369 0369.png -0.397156 -2.355432 1.033343 0.328245 0.685823 0.585891 0.280417
370 0370.png -0.401702 -2.359150 1.034268 0.322912 0.687848 0.588455 0.276251
371 0371.png -0.406233 -2.362968 1.035192 0.317694 0.689782 0.590929 0.272165
372 0372.png -0.410747 -2.366886 1.036116 0.312590 0.691631 0.593318 0.268156
373 0373.png -0.415243 -2.370900 1.037040 0.307594 0.693400 0.595626 0.264221
374 0374.png -0.419722 -2.375011 1.037963 0.302704 0.695093 0.597854 0.260358
375 0375.png -0.424181 -2.379216 1.038887 0.297916 0.696715 0.600007 0.256564
376 0376.png -0.428622 -2.383515 1.039810 0.293227 0.698270 0.602088 0.252837
377 0377.png -0.433041 -2.387905 1.040733 0.288633 0.699762 0.604100 0.249175
378 0378.png -0.437440 -2.392386 1.041655 0.284130 0.701194 0.606045 0.245574
379 0379.png -0.441817 -2.396955 1.042578 0.279715 0.702570 0.607926 0.242034
380 0380.png -0.446171 -2.401613 1.043500 0.275384 0.703894 0.609746 0.238551
381 0381.png -0.450502 -2.406356 1.044422 0.271135 0.705168 0.611507 0.235123
382 0382.png -0.454809 -2.411184 1.045343 0.266965 0.706395 0.613212 0.231749
383 0383.png -0.459091 -2.416096 1.046265 0.262869 0.707578 0.614863 0.228425
384 0384.png -0.463348 -2.421090 1.047186 0.258845 0.708719 0.616461 0.225150
385 0385.png -0.467578 -2.426164 1.048107 0.254890 0.709821 0.618010 0.221922
386 0386.png -0.471781 -2.431318 1.049028 0.251001 0.710886 0.619511 0.218738
387 0387.png -0.475956 -2.436549 1.049949 0.247175 0.711916 0.620965 0.215598
388 0388.png -0.480102 -2.441857 1.050870 0.243410 0.712913 0.622376 0.212498
389 0389.png -0.484220 -2.447240 1.051790 0.239702 0.713879 0.623743 0.209437
390 0390.png -0.488307 -2.452696 1.052710 0.236049 0.714816 0.625070 0.206413
391 0391.png -0.492363 -2.458225 1.053630 0.232449 0.715726 0.626357 0.203424
392 0392.png -0.496387 -2.463824 1.054550 0.228898 0.716609 0.627606 0.200469
393 0393.png -0.500379 -2.469493 1.055469 0.225395 0.717468 0.628818 0.197545
394 0394.png -0.504338 -2.475230 1.056389 0.221937 0.718304 0.629996 0.194652
395 0395.png -0.508263 -2.481034 1.057308 0.218522 0.719117 0.631139 0.191787
396 0396.png -0.512154 -2.486902 1.058227 0.215147 0.719910 0.632249 0.188949
397 0397.png -0.516009 -2.492835 1.059146 0.211811 0.720684 0.633328 0.186137
398 0398.png -0.519828 -2.498830 1.060065 0.208511 0.721439 0.634376 0.183348
399 0399.png -0.523610 -2.504886 1.060984 0.205245 0.722177 0.635395 0.180581
400 0400.png -0.527354 -2.511001 1.061902 0.202011 0.722898 0.636385 0.177835
401 0401.png -0.531060 -2.517175 1.062821 0.198807 0.723603 0.637347 0.175108
402 0402.png -0.534726 -2.523405 1.063739 0.195631 0.724294 0.638283 0.172400
403 0403.png -0.538353 -2.529691 1.064657 0.192482 0.724971 0.639192 0.169708
404 0404.png -0.541939 -2.536031 1.065575 0.189357 0.725635 0.640077 0.167030
405 0405.png -0.545484 -2.542424 1.066493 0.186255 0.726286 0.640937 0.164367
406 0406.png -0.548987 -2.548868 1.067410 0.183173 0.726926 0.641774 0.161716
407 0407.png -0.552446 -2.555361 1.068328 0.180111 0.727555 0.642588 0.159077
408 0408.png -0.555862 -2.561903 1.069245 0.177066 0.728172 0.643379 0.156447
409 0409.png -0.559233 -2.568492 1.070163 0.174036 0.728780 0.644149 0.153826
410 0410.png -0.562560 -2.575127 1.071080 0.171020 0.729379 0.644898 0.151212
411 0411.png -0.565840 -2.581806 1.071997 0.168017 0.729968 0.645626 0.148604
412 0412.png -0.569073 -2.588527 1.072914 0.165024 0.730549 0.646335 0.146001
413 0413.png -0.572259 -2.595290 1.073831 0.162041 0.731122 0.647023 0.143402
414 0414.png -0.575397 -2.602093 1.074747 0.159065 0.731687 0.647693 0.140805
415 0415.png -0.578486 -2.608935 1.075664 0.156095 0.732245 0.648344 0.138210
416 0416.png -0.581526 -2.615814 1.076581 0.153130 0.732796 0.648977 0.135614
417 0417.png -0.584514 -2.622728 1.077497 0.150167 0.733340 0.649592 0.133018
418 0418.png -0.587452 -2.629677 1.078414 0.147206 0.733877 0.650189 0.130419
419 0419.png -0.590337 -2.636660 1.079330 0.144244 0.734409 0.650769 0.127817
420 0420.png -0.593170 -2.643673 1.080246 0.141281 0.734934 0.651332 0.125210
421 0421.png -0.595949 -2.650717 1.081162 0.138315 0.735454 0.651879 0.122597
422 0422.png -0.598674 -2.657790 1.082078 0.135344 0.735969 0.652409 0.119977
423 0423.png -0.601344 -2.664890 1.082994 0.132367 0.736478 0.652923 0.117349
424 0424.png -0.603959 -2.672016 1.083910 0.129382 0.736982 0.653421 0.114712
425 0425.png -0.606516 -2.679167 1.084826 0.126388 0.737481 0.653903 0.112065
426 0426.png -0.609017 -2.686341 1.085742 0.123384 0.737975 0.654369 0.109405
427 0427.png -0.611460 -2.693536 1.086658 0.120367 0.738465 0.654820 0.106733
428 0428.png -0.613843 -2.700752 1.087574 0.117337 0.738949 0.655256 0.104047
429 0429.png -0.616168 -2.707987 1.088489 0.114291 0.739429 0.655676 0.101346
430 0430.png -0.618432 -2.715240 1.089405 0.111229 0.739904 0.656081 0.098628
431 0431.png -0.620634 -2.722509 1.090320 0.108149 0.740375 0.656471 0.095893
432 0432.png -0.622776 -2.729793 1.091236 0.105049 0.740840 0.656845 0.093139
433 0433.png -0.624854 -2.737090 1.092152 0.101928 0.741301 0.657205 0.090364
434 0434.png -0.626870 -2.744399 1.093067 0.098783 0.741757 0.657549 0.087569
435 0435.png -0.628821 -2.751719 1.093983 0.095615 0.742208 0.657877 0.084751
436 0436.png -0.630707 -2.759048 1.094898 0.092420 0.742654 0.658191 0.081909
437 0437.png -0.632528 -2.766385 1.095813 0.089197 0.743094 0.658489 0.079042
438 0438.png -0.634283 -2.773728 1.096729 0.085946 0.743529 0.658771 0.076148
439 0439.png -0.635971 -2.781076 1.097644 0.082663 0.743959 0.659037 0.073227
440 0440.png -0.637590 -2.788428 1.098560 0.079347 0.744382 0.659288 0.070277
441 0441.png -0.639142 -2.795782 1.099475 0.075997 0.744799 0.659522 0.067296
442 0442.png -0.640623 -2.803136 1.100390 0.072611 0.745210 0.659740 0.064284
443 0443.png -0.642035 -2.810491 1.101306 0.069188 0.745614 0.659942 0.061238
444 0444.png -0.643376 -2.817843 1.102221 0.065724 0.746010 0.660127 0.058158
445 0445.png -0.644646 -2.825192 1.103137 0.062219 0.746399 0.660294 0.055041
446 0446.png -0.645843 -2.832535 1.104052 0.058671 0.746779 0.660444 0.051888
447 0447.png -0.646967 -2.839873 1.104967 0.055077 0.747151 0.660576 0.048695
448 0448.png -0.648017 -2.847203 1.105883 0.051437 0.747514 0.660689 0.045462
449 0449.png -0.648992 -2.854525 1.106798 0.047747 0.747867 0.660784 0.042187
450 0450.png -0.649893 -2.861835 1.107714 0.044007 0.748209 0.660860 0.038869
451 0451.png -0.650717 -2.869134 1.108629 0.040213 0.748540 0.660916 0.035506
452 0452.png -0.651464 -2.876420 1.109545 0.036365 0.748859 0.660952 0.032096
453 0453.png -0.652134 -2.883691 1.110460 0.032460 0.749166 0.660966 0.028638
454 0454.png -0.652725 -2.890947 1.111376 0.028496 0.749459 0.660960 0.025131
455 0455.png -0.653237 -2.898184 1.112292 0.024471 0.749737 0.660931 0.021572
456 0456.png -0.653670 -2.905403 1.113207 0.020382 0.750000 0.660880 0.017960
457 0457.png -0.654021 -2.912602 1.114123 0.016229 0.750246 0.660805 0.014294
458 0458.png -0.654292 -2.919779 1.115039 0.012008 0.750474 0.660706 0.010571
459 0459.png -0.654480 -2.926934 1.115955 0.007717 0.750684 0.660582 0.006791
460 0460.png -0.654585 -2.934063 1.116871 0.003355 0.750873 0.660432 0.002951
461 0461.png -0.654607 -2.941167 1.117787 -0.001081 0.751040 0.660255 -0.000950
462 0462.png -0.654544 -2.948244 1.118703 -0.005593 0.751185 0.660050 -0.004915
463 0463.png -0.654396 -2.955292 1.119619 -0.010183 0.751304 0.659817 -0.008943
464 0464.png -0.654162 -2.962311 1.120535 -0.014854 0.751398 0.659553 -0.013039
465 0465.png -0.653842 -2.969297 1.121452 -0.019607 0.751463 0.659259 -0.017202
466 0466.png -0.653434 -2.976251 1.122368 -0.024445 0.751499 0.658933 -0.021434
467 0467.png -0.652938 -2.983171 1.123285 -0.029370 0.751502 0.658574 -0.025738
468 0468.png -0.652353 -2.990055 1.124201 -0.034384 0.751472 0.658180 -0.030115
469 0469.png -0.651679 -2.996903 1.125118 -0.039488 0.751405 0.657751 -0.034566
470 0470.png -0.650914 -3.003711 1.126035 -0.044685 0.751301 0.657284 -0.039093
471 0471.png -0.650057 -3.010480 1.126951 -0.049977 0.751155 0.656779 -0.043698
472 0472.png -0.649109 -3.017208 1.127868 -0.055365 0.750966 0.656234 -0.048381
473 0473.png -0.648068 -3.023893 1.128785 -0.060852 0.750732 0.655648 -0.053145
474 0474.png -0.646934 -3.030535 1.129703 -0.066438 0.750448 0.655019 -0.057990
475 0475.png -0.645706 -3.037130 1.130620 -0.072126 0.750114 0.654346 -0.062918
476 0476.png -0.644383 -3.043679 1.131537 -0.077916 0.749725 0.653626 -0.067929
477 0477.png -0.642963 -3.050180 1.132455 -0.083811 0.749278 0.652859 -0.073026
478 0478.png -0.641448 -3.056631 1.133372 -0.089809 0.748771 0.652043 -0.078208
479 0479.png -0.639835 -3.063032 1.134290 -0.095914 0.748200 0.651175 -0.083476
480 0480.png -0.638125 -3.069379 1.135208 -0.102124 0.747561 0.650255 -0.088831
481 0481.png -0.636315 -3.075673 1.136126 -0.108441 0.746852 0.649281 -0.094274
482 0482.png -0.634406 -3.081912 1.137044 -0.114864 0.746068 0.648250 -0.099804
483 0483.png -0.632397 -3.088094 1.137963 -0.121394 0.745206 0.647161 -0.105422
484 0484.png -0.630287 -3.094218 1.138881 -0.128029 0.744263 0.646012 -0.111128
485 0485.png -0.628075 -3.100283 1.139800 -0.134769 0.743234 0.644802 -0.116920
486 0486.png -0.625761 -3.106287 1.140719 -0.141612 0.742117 0.643529 -0.122799
487 0487.png -0.623344 -3.112229 1.141638 -0.148557 0.740906 0.642190 -0.128764
488 0488.png -0.620822 -3.118107 1.142557 -0.155602 0.739599 0.640786 -0.134813
489 0489.png -0.618196 -3.123920 1.143476 -0.162744 0.738192 0.639313 -0.140945
490 0490.png -0.615464 -3.129667 1.144395 -0.169980 0.736682 0.637771 -0.147158
491 0491.png -0.612626 -3.135346 1.145315 -0.177308 0.735064 0.636157 -0.153450
492 0492.png -0.609681 -3.140956 1.146235 -0.184722 0.733336 0.634472 -0.159819
493 0493.png -0.606629 -3.146495 1.147155 -0.192219 0.731494 0.632713 -0.166262
494 0494.png -0.603468 -3.151962 1.148075 -0.199795 0.729535 0.630879 -0.172776
495 0495.png -0.600197 -3.157356 1.148995 -0.207442 0.727458 0.628971 -0.179358
496 0496.png -0.596817 -3.162675 1.149916 -0.215157 0.725258 0.626985 -0.186003
497 0497.png -0.593325 -3.167917 1.150836 -0.222933 0.722935 0.624924 -0.192709
498 0498.png -0.589722 -3.173082 1.151757 -0.230762 0.720486 0.622785 -0.199470
499 0499.png -0.586007 -3.178169 1.152678 -0.238638 0.717910 0.620568 -0.206281
500 0500.png -0.582179 -3.183174 1.153600 -0.246554 0.715206 0.618274 -0.213138
501 0501.png -0.578237 -3.188098 1.154521 -0.254500 0.712374 0.615904 -0.220036
502 0502.png -0.574181 -3.192939 1.155443 -0.262470 0.709412 0.613456 -0.226968
503 0503.png -0.570009 -3.197695 1.156365 -0.270454 0.706323 0.610933 -0.233929
504 0504.png -0.565721 -3.202365 1.157287 -0.278444 0.703106 0.608336 -0.240913
505 0505.png -0.561317 -3.206948 1.158209 -0.286430 0.699763 0.605664 -0.247913
506 0506.png -0.556795 -3.211442 1.159132 -0.294403 0.696296 0.602921 -0.254922
507 0507.png -0.552154 -3.215845 1.160055 -0.302354 0.692707 0.600107 -0.261935
508 0508.png -0.547395 -3.220157 1.160978 -0.310274 0.689000 0.597225 -0.268945
509 0509.png -0.542515 -3.224376 1.161901 -0.318153 0.685178 0.594277 -0.275944
510 0510.png -0.537515 -3.228501 1.162824 -0.325982 0.681245 0.591265 -0.282926
511 0511.png -0.532394 -3.232530 1.163748 -0.333752 0.677205 0.588193 -0.289883
512 0512.png -0.527151 -3.236461 1.164672 -0.341454 0.673063 0.585063 -0.296810
513 0513.png -0.521785 -3.240295 1.165596 -0.349081 0.668825 0.581878 -0.303700
514 0514.png -0.516295 -3.244028 1.166521 -0.356622 0.664497 0.578641 -0.310545
515 0515.png -0.510681 -3.247659 1.167446 -0.364072 0.660084 0.575357 -0.317341
516 0516.png -0.504942 -3.251188 1.168371 -0.371422 0.655593 0.572028 -0.324079
517 0517.png -0.499077 -3.254613 1.169296 -0.378666 0.651030 0.568659 -0.330756
518 0518.png -0.493085 -3.257932 1.170221 -0.385797 0.646402 0.565253 -0.337364
519 0519.png -0.486966 -3.261144 1.171147 -0.392809 0.641717 0.561813 -0.343899
520 0520.png -0.480719 -3.264247 1.172073 -0.399698 0.636980 0.558345 -0.350355
521 0521.png -0.474343 -3.267241 1.173000 -0.406458 0.632200 0.554852 -0.356729
522 0522.png -0.467838 -3.270123 1.173926 -0.413085 0.627382 0.551337 -0.363015
523 0523.png -0.461202 -3.272893 1.174853 -0.419576 0.622535 0.547805 -0.369210
524 0524.png -0.454435 -3.275549 1.175780 -0.425928 0.617665 0.544260 -0.375309
525 0525.png -0.447536 -3.278090 1.176708 -0.432138 0.612778 0.540705 -0.381311
526 0526.png -0.440505 -3.280514 1.177636 -0.438205 0.607881 0.537144 -0.387212
527 0527.png -0.433340 -3.282819 1.178564 -0.444126 0.602981 0.533581 -0.393010
528 0528.png -0.426041 -3.285005 1.179492 -0.449903 0.598083 0.530020 -0.398702
529 0529.png -0.418607 -3.287070 1.180421 -0.455533 0.593194 0.526462 -0.404288
530 0530.png -0.411037 -3.289012 1.181350 -0.461017 0.588318 0.522913 -0.409764
531 0531.png -0.403331 -3.290831 1.182279 -0.466356 0.583462 0.519375 -0.415132
532 0532.png -0.395488 -3.292525 1.183209 -0.471550 0.578630 0.515850 -0.420389
533 0533.png -0.387507 -3.294091 1.184139 -0.476601 0.573826 0.512343 -0.425535
534 0534.png -0.379387 -3.295530 1.185069 -0.481511 0.569055 0.508854 -0.430571
535 0535.png -0.371128 -3.296840 1.186000 -0.486280 0.564321 0.505387 -0.435496
536 0536.png -0.362729 -3.298018 1.186931 -0.490912 0.559628 0.501945 -0.440311
537 0537.png -0.354189 -3.299065 1.187862 -0.495408 0.554978 0.498528 -0.445017
538 0538.png -0.345507 -3.299978 1.188793 -0.499771 0.550375 0.495140 -0.449614
539 0539.png -0.336683 -3.300755 1.189725 -0.504004 0.545822 0.491781 -0.454103
540 0540.png -0.327715 -3.301397 1.190658 -0.508109 0.541321 0.488454 -0.458486
541 0541.png -0.318604 -3.301900 1.191590 -0.512090 0.536874 0.485160 -0.462763
542 0542.png -0.309348 -3.302265 1.192523 -0.515950 0.532483 0.481900 -0.466937
543 0543.png -0.299946 -3.302488 1.193457 -0.519691 0.528150 0.478676 -0.471009
544 0544.png -0.290399 -3.302570 1.194390 -0.523316 0.523875 0.475488 -0.474980
545 0545.png -0.280704 -3.302509 1.195324 0.526830 -0.519661 -0.472337 0.478853
546 0546.png -0.270862 -3.302302 1.196259 0.530234 -0.515508 -0.469225 0.482629
547 0547.png -0.260871 -3.301949 1.197193 0.533533 -0.511417 -0.466152 0.486311
548 0548.png -0.250731 -3.301449 1.198129 0.536730 -0.507388 -0.463118 0.489899
549 0549.png -0.240441 -3.300800 1.199064 0.539826 -0.503421 -0.460123 0.493397
550 0550.png -0.230000 -3.300000 1.200000 0.542827 -0.499518 -0.457169 0.496806
